[[  0.           0.           0.           0.           0.
    0.           0.         313.52883583   0.           0.
    0.           0.         203.3752423    0.           0.
    0.           0.           0.           0.          18.
    0.         408.69671384   0.         275.39105911   0.
    0.           0.         357.33861538   0.        ]
 [  0.           0.           0.           0.           0.
  392.31284729 317.1130738    0.           0.           0.
  172.70019384 330.21671384   0.           0.           0.
    0.           0.           0.         293.89134225   0.
    0.           0.           0.           0.         229.84441108
    0.         337.69557662 252.40541116   0.        ]
 [  0.           0.           0.           0.           0.
  302.31284729   0.           0.           0.           0.
    0.           0.         227.73861538   0.         327.71658653
    0.           0.           0.           0.         319.61947078
    0.           0.           0.           0.           0.
    0.           0.           0.           0.        ]
 [  0.           0.           0.           0.           0.
    0.           0.           0.           0.         281.94465977
    0.           0.         227.73861538   0.           0.
    0.           0.           0.           0.         319.61947078
  238.85655368   0.           0.           0.           0.
    0.           0.           0.           0.        ]
 [  0.           0.           0.           0.           0.
    0.           0.           0.           0.           0.
    0.           0.           0.           0.         417.71658653
    0.           0.           0.         286.0706921    0.
    0.           0.         238.16015507   0.           0.
    0.           0.           0.           0.        ]
 [  0.           0.          10.           0.           0.
    0.           0.           0.           0.           0.
    0.           0.           0.           0.           0.
    0.           0.           0.           0.           0.
  245.1130738    0.           0.         365.39105911   0.
    0.           0.           0.           0.        ]
 [295.87089231   0.           0.           0.           0.
    0.           0.           0.           0.           0.
    0.         340.78042309   0.         383.89134225   0.
    0.           0.           0.           0.           0.
  245.1130738    0.           0.           0.         319.84441108
    0.           0.           0.           0.        ]
 [  0.         413.85027783   0.           0.           0.
    0.         407.1130738    0.           0.         354.86417781
    0.           0.           0.           0.           0.
    0.           0.         364.80551384   0.           0.
  335.1130738    0.           0.           0.           0.
  337.69557662   0.           0.           0.        ]
 [  0.         319.61947078   0.           0.           0.
    0.           0.           0.           0.           0.
    0.           0.           0.           0.           0.
    0.           0.           0.           0.         219.49387264
    0.         270.42465977 268.78042309   0.           0.
   10.           0.           0.           0.        ]
 [  0.         323.85027783   0.         235.55572781   0.
    0.         317.1130738  431.08022226 265.69557662 354.86417781
    0.           0.           0.           0.           0.
    0.         317.1130738   18.           0.           0.
    0.           0.           0.           0.           0.
  271.89493765   0.           0.           0.        ]
 [  0.         297.02433847   0.           0.           0.
    0.           0.           0.           0.           0.
   10.           0.           0.           0.           0.
    0.           0.           0.           0.           0.
    0.           0.           0.           0.           0.
  427.69557662  18.         203.3752423    0.        ]
 [  0.         323.85027783   0.           0.           0.
    0.         399.85286924   0.           0.         413.47552886
    0.         340.78042309   0.           0.           0.
  114.4          0.           0.         268.78042309   0.
  335.1130738    0.           0.           0.         227.51595012
    0.           0.           0.         226.33972781]
 [  0.           0.           0.           0.           0.
    0.           0.         341.08022226   0.           0.
    0.           0.           0.           0.           0.
    0.           0.           0.           0.           0.
    0.           0.           0.         272.17326923   0.
  241.71905287 108.           0.           0.        ]
 [  0.           0.           0.           0.           0.
    0.         317.1130738    0.           0.         354.86417781
  247.61947078   0.         227.73861538   0.           0.
    0.           0.         274.80551384   0.           0.
    0.           0.           0.           0.          10.
    0.           0.           0.         226.33972781]
 [  0.           0.           0.           0.           0.
    0.         397.14573317   0.           0.           0.
    0.           0.           0.           0.           0.
    0.           0.         274.80551384   0.           0.
    0.           0.           0.           0.           0.
    0.           0.           0.           0.        ]
 [  0.           0.           0.           0.           0.
    0.           0.           0.         226.33972781   0.
    0.           0.           0.           0.           0.
    0.           0.           0.           0.          10.
    0.           0.           0.           0.           0.
    0.           0.           0.           0.        ]
 [  0.           0.           0.           0.           0.
    0.           0.         341.08022226   0.         323.47552886
    0.         340.78042309   0.         383.89134225   0.
    0.         297.02433847   0.         293.89134225   0.
    0.           0.           0.           0.           0.
    0.           0.           0.           0.        ]
 [  0.           0.           0.           0.         434.17326923
   10.           0.           0.           0.           0.
    0.         331.00689231   0.           0.           0.
    0.           0.           0.           0.           0.
    0.           0.           0.           0.           0.
    0.         258.21671384   0.           0.        ]
 [  0.           0.           0.           0.           0.
  100.         297.02433847 341.08022226   0.         354.86417781
  262.70019384   0.           0.           0.           0.
    0.         317.1130738  274.80551384   0.         319.61947078
  335.1130738    0.           0.           0.         319.84441108
  241.71905287   0.           0.           0.        ]
 [  0.           0.           0.           0.           0.
    0.           0.           0.           0.           0.
    0.           0.           0.           0.          10.
    0.         387.02433847   0.           0.           0.
    0.           0.           0.         261.8673408  247.61947078
  337.69557662 357.33861538   0.           0.        ]
 [  0.           0.           0.         265.69557662   0.
    0.           0.           0.           0.           0.
    0.           0.           0.           0.           0.
    0.           0.           0.         293.89134225   0.
  225.02433847   0.           0.           0.         247.61947078
    0.           0.           0.           0.        ]
 [385.87089231 274.17337108   0.           0.          10.
    0.           0.           0.         265.69557662   0.
    0.           0.           0.         325.53082471   0.
    0.           0.           0.           0.           0.
    0.           0.           0.           0.           0.
    0.         258.21671384   0.           0.        ]
 [  0.           0.           0.           0.           0.
    0.           0.           0.           0.         323.47552886
  172.70019384   0.           0.           0.           0.
    0.           0.           0.         284.81608655   0.
    0.           0.           0.           0.           0.
  274.80551384   0.           0.           0.        ]
 [295.87089231   0.           0.           0.           0.
    0.           0.           0.           0.         323.47552886
    0.         331.73882389   0.         276.25845493   0.
    0.           0.           0.           0.           0.
    0.           0.         229.84441108   0.         227.51595012
    0.           0.           0.           0.        ]
 [295.87089231   0.           0.           0.           0.
    0.         297.02433847   0.         185.59509811   0.
  247.61947078   0.           0.         243.97410089   0.
    0.           0.         357.33861538 271.89493765   0.
    0.           0.         148.16015507   0.           0.
    0.           0.           0.           0.        ]
 [  0.         323.85027783 100.           0.           0.
    0.           0.           0.           0.         361.52010818
  262.70019384 331.00689231   0.           0.           0.
    0.           0.           0.           0.         409.61947078
  289.64881609   0.         100.           0.           0.
    0.           0.           0.         226.33972781]
 [  0.         310.27089231 272.17326923  10.         434.17326923
    0.           0.         341.08022226   0.           0.
    0.           0.           0.           0.           0.
    0.           0.           0.           0.         409.61947078
  327.85286924   0.           0.           0.           0.
    0.           0.          10.           0.        ]
 [  0.           0.           0.         235.55572781 434.17326923
    0.         303.00676395 421.43267551   0.         343.52010818
    0.           0.         203.3752423    0.           0.
   10.           0.           0.           0.           0.
    0.           0.           0.           0.           0.
  241.71905287   0.           0.           0.        ]
 [  0.           0.           0.         100.           0.
    0.           0.           0.           0.           0.
    0.           0.           0.           0.           0.
    0.         270.42465977   0.           0.           0.
    0.           0.           0.           0.           0.
    0.           0.           0.           0.        ]]