7 0 8 3 4 2 
7 1 
6 3 3 5 7 4 
8 6 0 
2 3 0 8 
7 1 
5 8 4 7 0 4 8 1 
8 3 5 2 
2 3 0 8 
6 3 3 5 7 4 
3 5 5 6 3 5 3 6 
3 5 5 6 3 5 3 6 
5 8 4 7 0 4 8 1 
7 1 
6 3 3 5 7 4 
5 8 4 7 0 4 8 1 
8 6 0 
3 5 5 6 3 5 3 6 
8 6 0 
8 3 5 2 
3 5 5 6 3 5 3 6 
8 3 5 2 
6 3 3 5 7 4 
3 5 5 6 3 5 3 6 
6 3 3 5 7 4 
6 3 3 5 7 4 
2 4 1 1 8 5 6 1 
8 6 0 
2 3 0 8 
8 3 5 2 
8 6 0 
7 1 
6 3 3 5 7 4 
8 3 5 2 
7 0 8 3 4 2 
7 0 8 3 4 2 
3 5 5 6 3 5 3 6 
2 3 0 8 
7 0 8 3 4 2 
2 4 1 1 8 5 6 1 
6 27 17 24 10 9 28 7 
7 0 8 3 4 2 
2 4 1 1 8 5 6 1 
8 6 0 
8 6 0 
5 8 4 7 0 4 8 1 
2 4 1 1 8 5 6 1 
8 3 5 2 
8 3 5 2 
8 6 0 
7 0 8 3 4 2 
5 8 4 7 0 4 8 1 
6 3 3 5 7 4 
2 4 1 1 8 5 6 1 
5 8 4 7 0 4 8 1 
13 15 1 
7 0 8 3 4 2 
8 6 0 
2 4 1 1 8 5 6 1 
6 3 3 5 7 4 
2 3 0 8 
2 4 1 1 8 5 6 1 
2 4 1 1 8 5 6 1 
2 3 0 8 
3 5 5 6 3 5 3 6 
6 3 3 5 7 4 
7 0 8 3 4 2 
6 3 3 5 7 4 
8 3 5 2 
8 6 0 
8 3 5 2 
8 3 5 2 
3 5 5 6 3 5 3 6 
7 0 8 3 4 2 
7 1 
8 3 5 2 
5 8 4 7 0 4 8 1 
5 8 4 7 0 4 8 1 
5 8 4 7 0 4 8 1 
2 4 1 1 8 5 6 1 
8 6 0 
6 3 3 5 7 4 
6 3 3 5 7 4 
2 4 1 1 8 5 6 1 
2 4 1 1 8 5 6 1 
6 3 3 5 7 4 
5 8 4 7 0 4 8 1 
5 8 4 7 0 4 8 1 
6 3 3 5 7 4 
3 5 5 6 3 5 3 6 
5 8 4 7 0 4 8 1 
7 0 8 3 4 2 
6 3 3 5 7 4 
3 5 5 6 3 5 3 6 
6 3 3 5 7 4 
6 3 3 5 7 4 
6 3 3 5 7 4 
8 3 5 2 
5 8 4 7 0 4 8 1 
2 3 0 8 
8 3 5 2 
8 3 5 2 
6 3 3 5 7 4 
2 3 0 8 
3 5 5 6 3 5 3 6 
7 1 
7 1 
2 4 1 1 8 5 6 1 
2 4 1 1 8 5 6 1 
8 3 5 2 
9 19 0 23 23 16 2 
6 3 3 5 7 4 
6 3 3 5 7 4 
6 3 3 5 7 4 
7 0 8 3 4 2 
8 3 5 2 
8 3 5 2 
6 3 3 5 7 4 
14 5 19 12 14 
8 6 0 
8 6 0 
7 1 
26 24 15 18 
8 3 5 2 
2 4 1 1 8 5 6 1 
6 3 3 5 7 4 
3 5 5 6 3 5 3 6 
7 1 
2 4 1 1 8 5 6 1 
5 8 4 7 0 4 8 1 
3 5 5 6 3 5 3 6 
3 5 5 6 3 5 3 6 
5 8 4 7 0 4 8 1 
8 6 0 
7 0 8 3 4 2 
2 3 0 8 
7 0 8 3 4 2 
8 6 0 
7 0 8 3 4 2 
9 15 14 22 
8 3 5 2 
8 6 0 
2 3 0 8 
5 8 4 7 0 4 8 1 
5 8 4 7 0 4 8 1 
8 3 5 2 
8 23 9 12 25 7 
6 3 3 5 7 4 
7 0 8 3 4 2 
16 20 18 23 10 22 3 17 
8 6 0 
3 5 5 6 3 5 3 6 
5 8 4 7 0 4 8 1 
5 8 4 7 0 4 8 1 
5 8 4 7 0 4 8 1 
6 3 3 5 7 4 
3 5 5 6 3 5 3 6 
8 6 0 
6 3 3 5 7 4 
3 5 5 6 3 5 3 6 
2 4 1 1 8 5 6 1 
3 5 5 6 3 5 3 6 
2 3 0 8 
2 4 1 1 8 5 6 1 
3 5 5 6 3 5 3 6 
7 0 8 3 4 2 
8 6 0 
5 8 4 7 0 4 8 1 
2 3 0 8 
5 8 4 7 0 4 8 1 
2 4 1 1 8 5 6 1 
8 6 0 
6 3 3 5 7 4 
6 3 3 5 7 4 
5 8 4 7 0 4 8 1 
5 8 4 7 0 4 8 1 
8 6 0 
8 6 0 
8 3 5 2 
7 1 
3 5 5 6 3 5 3 6 
3 5 5 6 3 5 3 6 
7 1 
3 5 5 6 3 5 3 6 
7 1 
8 3 5 2 
3 5 5 6 3 5 3 6 
7 0 8 3 4 2 
3 5 5 6 3 5 3 6 
2 4 1 1 8 5 6 1 
8 6 0 
2 26 8 15 3 27 20 18 
5 8 4 7 0 4 8 1 
2 4 1 1 8 5 6 1 
8 3 5 2 
3 5 5 6 3 5 3 6 
7 0 8 3 4 2 
8 6 0 
6 3 3 5 7 4 
5 7 26 2 14 9 24 10 
5 8 4 7 0 4 8 1 
7 1 
3 5 5 6 3 5 3 6 
2 3 0 8 
8 3 5 2 
2 4 1 1 8 5 6 1 
2 4 1 1 8 5 6 1 
8 6 0 
7 1 
2 3 0 8 
3 5 5 6 3 5 3 6 
8 3 5 2 
5 8 4 7 0 4 8 1 
5 8 4 7 0 4 8 1 
7 0 8 3 4 2 
6 3 3 5 7 4 
7 1 
8 3 5 2 
7 0 8 3 4 2 
7 0 8 3 4 2 
2 3 0 8 
2 3 0 8 
7 0 8 3 4 2 
25 4 
2 4 1 1 8 5 6 1 
3 5 5 6 3 5 3 6 
7 1 
7 0 8 3 4 2 
7 0 8 3 4 2 
6 3 3 5 7 4 
2 4 1 1 8 5 6 1 
8 6 0 
2 3 0 8 
5 8 4 7 0 4 8 1 
6 3 3 5 7 4 
2 4 1 1 8 5 6 1 
2 3 0 8 
2 4 1 1 8 5 6 1 
8 6 0 
3 5 5 6 3 5 3 6 
8 3 5 2 
8 3 5 2 
3 5 5 6 3 5 3 6 
8 3 5 2 
2 3 0 8 
2 3 0 8 
2 3 0 8 
2 4 1 1 8 5 6 1 
8 3 5 2 
7 1 
3 5 5 6 3 5 3 6 
6 3 3 5 7 4 
2 4 1 1 8 5 6 1 
3 5 5 6 3 5 3 6 
5 8 4 7 0 4 8 1 
10 0 4 21 12 28 7 0 
8 3 5 2 
3 5 5 6 3 5 3 6 
5 8 4 7 0 4 8 1 
7 1 
6 3 3 5 7 4 
19 13 12 26 
5 8 4 7 0 4 8 1 
7 0 8 3 4 2 
2 4 1 1 8 5 6 1 
7 0 8 3 4 2 
2 4 1 1 8 5 6 1 
3 5 5 6 3 5 3 6 
8 6 0 
2 3 0 8 
3 5 5 6 3 5 3 6 
26 13 16 10 15 11 
7 1 
6 3 3 5 7 4 
7 1 
8 3 5 2 
8 3 5 2 
2 4 1 1 8 5 6 1 
7 1 
15 0 7 3 
6 3 3 5 7 4 
3 5 5 6 3 5 3 6 
7 0 8 3 4 2 
8 3 5 2 
3 5 5 6 3 5 3 6 
3 5 5 6 3 5 3 6 
2 3 0 8 
6 3 3 5 7 4 
6 3 3 5 7 4 
2 4 1 1 8 5 6 1 
5 8 4 7 0 4 8 1 
8 3 5 2 
3 5 5 6 3 5 3 6 
7 0 8 3 4 2 
7 0 8 3 4 2 
5 8 4 7 0 4 8 1 
6 3 3 5 7 4 
2 4 1 1 8 5 6 1 
5 8 4 7 0 4 8 1 
7 1 
2 3 0 8 
8 6 0 
7 0 8 3 4 2 
8 3 5 2 
7 0 8 3 4 2 
8 3 5 2 
5 8 4 7 0 4 8 1 
2 4 1 1 8 5 6 1 
6 3 3 5 7 4 
8 3 5 2 
7 1 
2 4 1 1 8 5 6 1 
2 3 0 8 
5 8 4 7 0 4 8 1 
8 3 5 2 
2 3 0 8 
6 3 3 5 7 4 
6 3 3 5 7 4 
2 27 28 26 27 7 14 5 
2 4 1 1 8 5 6 1 
8 6 0 
5 8 4 7 0 4 8 1 
8 3 5 2 
3 5 5 6 3 5 3 6 
2 4 1 1 8 5 6 1 
2 3 0 8 
5 8 4 7 0 4 8 1 
2 3 0 8 
5 8 4 7 0 4 8 1 
5 8 4 7 0 4 8 1 
5 8 4 7 0 4 8 1 
2 3 0 8 
21 6 27 
2 3 0 8 
3 5 5 6 3 5 3 6 
2 4 1 1 8 5 6 1 
7 0 8 3 4 2 
7 0 8 3 4 2 
6 3 3 5 7 4 
3 5 5 6 3 5 3 6 
3 5 5 6 3 5 3 6 
7 0 8 3 4 2 
3 5 5 6 3 5 3 6 
2 3 0 8 
3 5 5 6 3 5 3 6 
3 5 5 6 3 5 3 6 
6 3 3 5 7 4 
7 0 8 3 4 2 
8 3 5 2 
3 5 5 6 3 5 3 6 
5 8 4 7 0 4 8 1 
3 5 5 6 3 5 3 6 
21 24 28 2 27 20 25 
8 6 0 
2 4 1 1 8 5 6 1 
6 3 3 5 7 4 
8 3 5 2 
2 3 0 8 
6 3 3 5 7 4 
8 3 5 2 
8 6 0 
7 1 
2 3 0 8 
8 3 5 2 
8 3 5 2 
7 0 8 3 4 2 
5 8 4 7 0 4 8 1 
3 22 20 2 
3 5 5 6 3 5 3 6 
7 1 
7 1 
8 6 0 
8 6 0 
8 6 0 
7 0 8 3 4 2 
5 8 4 7 0 4 8 1 
3 5 5 6 3 5 3 6 
2 3 0 8 
6 3 3 5 7 4 
6 3 3 5 7 4 
3 5 5 6 3 5 3 6 
3 5 5 6 3 5 3 6 
2 3 0 8 
8 6 0 
3 5 5 6 3 5 3 6 
3 5 5 6 3 5 3 6 
2 3 0 8 
5 8 4 7 0 4 8 1 
6 3 3 5 7 4 
8 6 0 
9 4 26 
7 1 
6 3 3 5 7 4 
3 5 5 6 3 5 3 6 
7 1 
7 0 8 3 4 2 
2 3 0 8 
2 3 0 8 
0 9 20 
8 6 0 
7 1 
8 6 0 
8 6 0 
7 0 8 3 4 2 
7 1 
7 1 
7 0 8 3 4 2 
6 3 3 5 7 4 
2 3 0 8 
5 8 4 7 0 4 8 1 
2 4 1 1 8 5 6 1 
7 1 
2 3 0 8 
3 5 5 6 3 5 3 6 
3 5 5 6 3 5 3 6 
6 3 3 5 7 4 
2 4 1 1 8 5 6 1 
2 3 0 8 
5 8 4 7 0 4 8 1 
2 3 0 8 
2 3 0 8 
21 9 22 1 28 7 8 17 
7 1 
7 0 8 3 4 2 
7 0 8 3 4 2 
3 5 5 6 3 5 3 6 
2 3 0 8 
3 5 5 6 3 5 3 6 
8 3 5 2 
6 3 3 5 7 4 
2 20 8 26 
2 4 1 1 8 5 6 1 
5 8 4 7 0 4 8 1 
3 5 5 6 3 5 3 6 
8 6 0 
3 5 5 6 3 5 3 6 
5 8 4 7 0 4 8 1 
2 3 0 8 
7 1 
2 4 1 1 8 5 6 1 
5 8 4 7 0 4 8 1 
7 0 8 3 4 2 
2 4 1 1 8 5 6 1 
8 6 0 
5 8 4 7 0 4 8 1 
5 8 4 7 0 4 8 1 
6 3 3 5 7 4 
2 4 1 1 8 5 6 1 
6 3 3 5 7 4 
5 8 4 7 0 4 8 1 
8 6 0 
8 6 0 
7 0 8 3 4 2 
6 3 3 5 7 4 
3 15 23 
7 1 
2 3 0 8 
8 6 0 
2 4 1 1 8 5 6 1 
2 4 1 1 8 5 6 1 
6 3 3 5 7 4 
7 0 8 3 4 2 
6 3 3 5 7 4 
7 0 8 3 4 2 
2 3 0 8 
7 0 8 3 4 2 
6 3 3 5 7 4 
3 5 5 6 3 5 3 6 
8 3 5 2 
2 4 1 1 8 5 6 1 
8 6 0 
5 8 4 7 0 4 8 1 
2 4 1 1 8 5 6 1 
6 3 3 5 7 4 
2 3 0 8 
5 8 4 7 0 4 8 1 
9 6 
7 1 
3 5 5 6 3 5 3 6 
5 8 4 7 0 4 8 1 
3 5 5 6 3 5 3 6 
8 6 0 
5 8 4 7 0 4 8 1 
6 3 3 5 7 4 
3 5 5 6 3 5 3 6 
8 3 5 2 
5 8 4 7 0 4 8 1 
7 1 
7 0 8 3 4 2 
8 6 0 
6 3 3 5 7 4 
5 8 4 7 0 4 8 1 
7 1 
8 6 0 
5 8 4 7 0 4 8 1 
6 3 3 5 7 4 
6 3 3 5 7 4 
7 1 
8 3 5 2 
7 1 
8 3 5 2 
6 3 3 5 7 4 
3 5 5 6 3 5 3 6 
7 0 8 3 4 2 
2 4 1 1 8 5 6 1 
2 4 1 1 8 5 6 1 
6 3 3 5 7 4 
7 1 
6 3 3 5 7 4 
2 4 1 1 8 5 6 1 
3 5 5 6 3 5 3 6 
2 4 1 1 8 5 6 1 
2 3 0 8 
2 4 1 1 8 5 6 1 
3 5 5 6 3 5 3 6 
8 3 5 2 
0 23 8 3 13 
7 0 8 3 4 2 
6 3 3 5 7 4 
2 4 1 1 8 5 6 1 
8 3 5 2 
2 3 0 8 
8 6 0 
2 4 1 1 8 5 6 1 
2 4 1 1 8 5 6 1 
7 1 
7 1 
7 0 8 3 4 2 
3 5 5 6 3 5 3 6 
6 3 3 5 7 4 
3 5 5 6 3 5 3 6 
8 6 0 
2 3 0 8 
16 0 26 18 20 
5 8 4 7 0 4 8 1 
8 3 5 2 
3 5 5 6 3 5 3 6 
8 6 0 
8 6 0 
2 3 0 8 
7 0 8 3 4 2 
7 0 8 3 4 2 
5 8 4 7 0 4 8 1 
5 8 4 7 0 4 8 1 
8 6 0 
7 0 8 3 4 2 
5 8 4 7 0 4 8 1 
28 7 8 23 
6 3 3 5 7 4 
7 1 
7 0 8 3 4 2 
6 3 3 5 7 4 
8 3 5 2 
7 1 
8 3 5 2 
3 5 5 6 3 5 3 6 
6 3 3 5 7 4 
26 4 21 28 21 15 7 19 
2 3 0 8 
17 11 25 27 12 5 
8 6 0 
5 8 4 7 0 4 8 1 
26 23 0 26 19 13 0 4 
6 3 3 5 7 4 
2 3 0 8 
5 8 4 7 0 4 8 1 
8 3 5 2 
8 3 5 2 
7 1 
2 4 1 1 8 5 6 1 
5 8 4 7 0 4 8 1 
8 3 5 2 
8 3 5 2 
8 3 5 2 
6 3 3 5 7 4 
7 1 
7 0 8 3 4 2 
7 1 
6 3 3 5 7 4 
8 3 5 2 
7 1 
7 1 
8 6 0 
2 4 1 1 8 5 6 1 
2 3 0 8 
2 4 1 1 8 5 6 1 
7 0 8 3 4 2 
5 8 4 7 0 4 8 1 
8 6 0 
7 1 
5 8 4 7 0 4 8 1 
2 4 1 1 8 5 6 1 
13 2 15 7 3 
2 3 0 8 
7 0 8 3 4 2 
5 8 4 7 0 4 8 1 
3 5 5 6 3 5 3 6 
7 1 
8 3 5 2 
6 3 3 5 7 4 
1 1 18 15 12 
8 3 5 2 
8 3 5 2 
14 27 10 11 24 16 21 
7 1 
7 0 8 3 4 2 
2 4 1 1 8 5 6 1 
3 5 5 6 3 5 3 6 
8 6 0 
3 5 5 6 3 5 3 6 
5 8 4 7 0 4 8 1 
7 1 
28 18 3 4 2 23 15 
8 3 5 2 
7 1 
2 3 0 8 
7 0 8 3 4 2 
7 0 8 3 4 2 
2 4 1 1 8 5 6 1 
2 3 0 8 
6 3 3 5 7 4 
8 6 0 
3 5 5 6 3 5 3 6 
3 5 5 6 3 5 3 6 
7 1 
8 3 5 2 
2 3 0 8 
7 0 8 3 4 2 
8 3 5 2 
8 3 5 2 
8 6 0 
8 3 5 2 
2 4 1 1 8 5 6 1 
2 4 1 1 8 5 6 1 
7 1 
7 1 
5 8 4 7 0 4 8 1 
7 0 8 3 4 2 
2 4 1 1 8 5 6 1 
7 1 
7 1 
7 1 
2 4 1 1 8 5 6 1 
7 0 8 3 4 2 
7 0 8 3 4 2 
3 5 5 6 3 5 3 6 
8 6 0 
8 3 5 2 
8 3 5 2 
6 3 3 5 7 4 
5 8 4 7 0 4 8 1 
6 3 3 5 7 4 
3 5 5 6 3 5 3 6 
2 3 0 8 
7 0 8 3 4 2 
3 5 5 6 3 5 3 6 
2 4 1 1 8 5 6 1 
7 1 
2 4 1 1 8 5 6 1 
3 5 5 6 3 5 3 6 
2 3 0 8 
3 5 5 6 3 5 3 6 
3 5 5 6 3 5 3 6 
27 2 24 28 3 13 17 28 
7 0 8 3 4 2 
2 4 1 1 8 5 6 1 
2 3 0 8 
2 3 0 8 
7 1 
2 4 1 1 8 5 6 1 
2 3 0 8 
2 4 1 1 8 5 6 1 
2 3 0 8 
6 3 3 5 7 4 
2 3 0 8 
2 3 0 8 
7 0 8 3 4 2 
8 3 5 2 
7 1 
5 8 4 7 0 4 8 1 
2 3 0 8 
7 0 8 3 4 2 
6 3 3 5 7 4 
5 8 4 7 0 4 8 1 
8 3 5 2 
7 1 
6 3 3 5 7 4 
6 3 3 5 7 4 
8 6 0 
7 1 
5 8 4 7 0 4 8 1 
6 3 3 5 7 4 
2 4 1 1 8 5 6 1 
2 4 1 1 8 5 6 1 
3 5 5 6 3 5 3 6 
2 3 0 8 
3 5 5 6 3 5 3 6 
5 8 4 7 0 4 8 1 
7 1 
6 3 3 5 7 4 
7 0 8 3 4 2 
6 3 3 5 7 4 
7 0 8 3 4 2 
8 3 5 2 
2 3 0 8 
3 5 5 6 3 5 3 6 
2 4 1 1 8 5 6 1 
6 3 3 5 7 4 
2 4 1 1 8 5 6 1 
5 8 4 7 0 4 8 1 
6 3 3 5 7 4 
8 6 0 
2 4 1 1 8 5 6 1 
5 8 4 7 0 4 8 1 
5 8 4 7 0 4 8 1 
2 3 0 8 
3 5 5 6 3 5 3 6 
7 0 8 3 4 2 
7 0 8 3 4 2 
8 3 5 2 
7 0 8 3 4 2 
8 6 0 
22 12 26 21 21 21 16 
2 3 0 8 
8 6 0 
7 0 8 3 4 2 
7 1 
3 5 5 6 3 5 3 6 
7 7 9 9 3 6 15 3 
8 6 0 
8 3 5 2 
3 5 5 6 3 5 3 6 
8 6 0 
8 3 5 2 
7 0 8 3 4 2 
2 4 1 1 8 5 6 1 
2 3 0 8 
2 3 0 8 
2 3 0 8 
2 4 1 1 8 5 6 1 
8 6 0 
8 6 0 
2 3 0 8 
7 0 8 3 4 2 
5 8 4 7 0 4 8 1 
8 6 0 
7 0 8 3 4 2 
1 26 10 1 
2 3 0 8 
3 5 5 6 3 5 3 6 
7 1 
7 1 
2 4 1 1 8 5 6 1 
2 3 0 8 
6 3 3 5 7 4 
3 5 5 6 3 5 3 6 
5 8 4 7 0 4 8 1 
7 0 8 3 4 2 
6 3 3 5 7 4 
8 3 5 2 
2 4 1 1 8 5 6 1 
3 5 5 6 3 5 3 6 
6 3 3 5 7 4 
2 4 1 1 8 5 6 1 
5 8 4 7 0 4 8 1 
2 3 0 8 
7 0 8 3 4 2 
8 3 5 2 
3 5 5 6 3 5 3 6 
7 0 8 3 4 2 
8 3 5 2 
8 3 5 2 
8 6 0 
6 3 3 5 7 4 
5 8 4 7 0 4 8 1 
8 6 0 
8 3 5 2 
7 0 8 3 4 2 
5 8 4 7 0 4 8 1 
5 8 4 7 0 4 8 1 
8 6 0 
6 3 3 5 7 4 
7 0 8 3 4 2 
8 6 0 
5 8 4 7 0 4 8 1 
7 1 
7 1 
7 1 
8 3 5 2 
2 3 0 8 
5 8 4 7 0 4 8 1 
7 0 8 3 4 2 
3 5 5 6 3 5 3 6 
6 3 3 5 7 4 
3 5 5 6 3 5 3 6 
3 5 5 6 3 5 3 6 
8 6 0 
7 1 
2 3 0 8 
8 3 5 2 
2 3 0 8 
3 5 5 6 3 5 3 6 
3 5 5 6 3 5 3 6 
3 5 5 6 3 5 3 6 
3 5 5 6 3 5 3 6 
7 0 8 3 4 2 
8 3 5 2 
5 8 4 7 0 4 8 1 
6 3 3 5 7 4 
7 0 8 3 4 2 
8 6 0 
2 3 0 8 
7 0 8 3 4 2 
8 3 5 2 
2 4 1 1 8 5 6 1 
5 8 4 7 0 4 8 1 
8 6 0 
8 6 0 
8 6 0 
5 8 4 7 0 4 8 1 
3 5 5 6 3 5 3 6 
5 8 4 7 0 4 8 1 
8 27 20 
3 5 5 6 3 5 3 6 
2 3 0 8 
2 4 1 1 8 5 6 1 
2 3 0 8 
2 3 0 8 
7 0 8 3 4 2 
8 6 0 
7 0 8 3 4 2 
7 0 8 3 4 2 
7 0 8 3 4 2 
3 5 5 6 3 5 3 6 
8 6 0 
2 4 1 1 8 5 6 1 
7 0 8 3 4 2 
6 3 3 5 7 4 
6 3 3 5 7 4 
2 3 0 8 
8 3 5 2 
2 4 1 1 8 5 6 1 
6 3 3 5 7 4 
7 0 8 3 4 2 
5 8 4 7 0 4 8 1 
8 3 5 2 
7 0 8 3 4 2 
8 6 0 
7 1 
1 21 10 12 
5 8 4 7 0 4 8 1 
8 3 5 2 
2 4 1 1 8 5 6 1 
7 0 8 3 4 2 
7 0 8 3 4 2 
8 3 5 2 
7 0 8 3 4 2 
8 3 5 2 
5 8 4 7 0 4 8 1 
8 6 0 
8 3 5 2 
6 3 3 5 7 4 
3 5 5 6 3 5 3 6 
2 4 1 1 8 5 6 1 
8 6 0 
8 6 0 
7 1 
3 5 5 6 3 5 3 6 
6 3 3 5 7 4 
8 3 5 2 
6 3 3 5 7 4 
7 1 
3 5 5 6 3 5 3 6 
7 1 
7 0 8 3 4 2 
8 6 0 
8 6 0 
2 3 0 8 
7 0 8 3 4 2 
7 0 8 3 4 2 
3 5 5 6 3 5 3 6 
7 0 8 3 4 2 
5 8 4 7 0 4 8 1 
7 0 8 3 4 2 
2 4 1 1 8 5 6 1 
5 8 4 7 0 4 8 1 
2 4 1 1 8 5 6 1 
2 3 0 8 
8 3 5 2 
8 3 5 2 
8 6 0 
7 1 
7 0 8 3 4 2 
8 3 5 2 
7 0 8 3 4 2 
2 3 0 8 
7 1 
2 4 1 1 8 5 6 1 
7 0 8 3 4 2 
3 5 5 6 3 5 3 6 
6 3 3 5 7 4 
5 8 4 7 0 4 8 1 
8 3 5 2 
7 0 8 3 4 2 
8 6 0 
2 3 0 8 
8 6 0 
2 4 1 1 8 5 6 1 
8 3 5 2 
7 0 8 3 4 2 
3 5 5 6 3 5 3 6 
7 1 
3 5 5 6 3 5 3 6 
2 4 1 1 8 5 6 1 
8 3 5 2 
7 0 8 3 4 2 
2 3 0 8 
5 8 4 7 0 4 8 1 
2 4 1 1 8 5 6 1 
2 4 1 1 8 5 6 1 
6 3 3 5 7 4 
2 3 0 8 
7 1 
16 13 18 8 0 17 
6 3 3 5 7 4 
8 3 5 2 
6 3 3 5 7 4 
8 6 0 
7 0 8 3 4 2 
6 3 3 5 7 4 
6 3 3 5 7 4 
8 6 0 
8 3 5 2 
6 3 3 5 7 4 
2 4 1 1 8 5 6 1 
8 3 5 2 
2 4 1 1 8 5 6 1 
7 0 8 3 4 2 
8 12 15 0 10 20 
2 4 1 1 8 5 6 1 
7 1 
7 0 8 3 4 2 
7 0 8 3 4 2 
2 3 0 8 
2 3 0 8 
2 4 1 1 8 5 6 1 
3 5 5 6 3 5 3 6 
5 8 4 7 0 4 8 1 
2 4 1 1 8 5 6 1 
2 3 0 8 
8 6 0 
6 3 3 5 7 4 
8 3 5 2 
6 3 3 5 7 4 
6 3 3 5 7 4 
2 4 1 1 8 5 6 1 
7 1 
2 3 0 8 
3 5 5 6 3 5 3 6 
3 5 5 6 3 5 3 6 
2 3 0 8 
3 5 5 6 3 5 3 6 
3 5 5 6 3 5 3 6 
2 3 0 8 
7 0 8 3 4 2 
2 3 0 8 
7 1 
8 6 0 
2 3 0 8 
2 3 0 8 
2 3 0 8 
7 1 
6 3 3 5 7 4 
7 0 8 3 4 2 
2 3 0 8 
8 3 5 2 
2 3 0 8 
8 3 5 2 
7 1 
3 5 5 6 3 5 3 6 
2 4 1 1 8 5 6 1 
7 1 
7 0 8 3 4 2 
2 4 1 1 8 5 6 1 
7 1 
2 4 1 1 8 5 6 1 
2 3 0 8 
2 4 1 1 8 5 6 1 
8 6 0 
8 6 0 
7 1 
7 0 8 3 4 2 
3 5 5 6 3 5 3 6 
11 17 1 22 24 6 4 
5 8 4 7 0 4 8 1 
7 0 8 3 4 2 
2 4 1 1 8 5 6 1 
1 11 12 10 6 26 27 8 
5 8 4 7 0 4 8 1 
3 5 5 6 3 5 3 6 
