7.0
7.0
0.18295642066776915
1.0
17.0
3.0
0.0
9.0
22.0
0.0
6.2499188717643275
0.0
0.0
1.0
0.0
11.0
0.009918871764327642
0.0
0.0
5.104065256372076
3.0302810642657056
11.009918871764327
0.0
16.0
2.0
2.0
4.0
0.0
8.0
6.18295642066777
1.0
5.0
6.009918871764327
0.0
4.0
0.0
0.0
5.208130512744153
2.0
5.0
1.0
3.0302810642657056
11.966666666666667
0.0
2.0
1.0
11.0
6.0
6.0
0.0
1.0
1.1829564206677692
2.0
5.0
1.0
2.0
12.0
4.0
8.0
0.0
9.0
1.0099188717643277
7.0
6.0
16.0
2.0
1.0
6.0
6.0
6.0
1.0
2.0
2.0302810642657056
6.0
7.0
0.009918871764327642
0.0
0.02036219250137814
0.0
5.0
3.0
0.0
0.0
4.0
7.0
1.0
8.0
2.0
3.0
0.0
4.104065256372076
2.0
7.0
1.0203621925013782
1.0
5.223680805670526
3.0
5.0
1.0
10.020362192501377
1.0
0.0
1.1928752924320967
13.020362192501379
3.0
1.0
1.1040652563720763
5.0
0.02036219250137814
2.0099188717643277
3.249918871764328
16.0
4.0
1.0
6.0
1.2499188717643277
3.0
1.0
2.0
6.009918871764327
1.0
0.0
13.0
8.249918871764327
7.0
1.0401999360300334
1.0
8.18295642066777
0.0
7.020362192501378
0.0
5.020362192501378
1.0
10.0
3.0
2.0
0.24991887176432764
2.0
9.0
7.0
0.0
8.0
9.020362192501377
1.0
7.18295642066777
0.0
1.0
9.0
7.020362192501378
1.0
3.0
0.1139841281364039
0.0
1.0
2.0
3.020362192501378
0.02036219250137814
2.1040652563720763
2.0
1.0
12.0
3.0
12.249918871764327
1.0
1.0
0.0
10.0
0.0
0.0
4.0
13.0
2.249918871764328
4.0
6.0
3.0
6.0
1.0
4.0
8.0
5.0
5.113984128136404
5.0
1.0
8.0
2.0
2.0198377435286554
9.18295642066777
2.0099188717643277
1.0
0.02036219250137814
0.0
1.0
0.0
7.0
4.0
8.020362192501377
1.0
0.0
8.0
1.0
9.0
10.104065256372076
7.208130512744153
0.0
0.02036219250137814
0.0
1.1040652563720763
4.0
0.0
1.0
0.0
6.0
1.0
1.0
29.124332687207538
5.020362192501378
3.0
9.0
0.0
2.020362192501378
8.030281064265706
1.0
1.0
11.009918871764327
8.0
13.0
0.0
0.0
1.0
5.240871282059967
2.0302810642657056
0.0
6.0
1.0
0.0
6.432875292432097
1.0
5.020362192501378
3.0
0.0
1.0203621925013782
1.2499188717643277
16.0
4.0
13.0
0.0
1.0
1.0
1.0099188717643277
6.0
14.0
7.020362192501378
1.0
7.18295642066777
9.0
0.0
8.0
2.0
6.0
5.0
7.0
1.2499188717643277
0.21323748493347486
6.020362192501378
2.0
2.0
0.0
0.0
1.0
7.0
1.0
5.009918871764327
0.0
4.0
8.0
29.0
0.0
1.0
3.0
6.009918871764327
11.0
1.0203621925013782
2.249918871764328
0.10406525637207627
2.0
7.0
14.0
6.0
2.0
6.020362192501378
6.0
5.0
8.249918871764327
5.009918871764327
0.0
2.0
0.0
4.0
2.0
2.0
2.0
0.24991887176432764
1.0
1.040724385002756
1.0
9.0
2.0
4.0
0.009918871764327642
0.0
8.249918871764327
0.0
0.0
0.02036219250137814
2.0302810642657056
3.0
1.0
0.0
1.0
2.0
5.0
7.0
1.0
0.0
0.0
3.0
1.0
1.0
0.0
6.0
0.0
4.0
5.0
10.18295642066777
5.0
3.0
0.0
0.0
1.0
5.009918871764327
0.0
2.0
0.02036219250137814
8.0
1.0
1.0
1.0
11.0
2.0
4.009918871764328
8.18295642066777
2.1040652563720763
0.0
0.24991887176432764
6.0
1.0203621925013782
0.0
3.0
8.0
8.249918871764327
0.0
1.0
3.0
0.0
0.02036219250137814
15.0
6.0
15.020362192501377
9.18295642066777
1.0
1.0
1.0
0.0
3.1040652563720763
3.0
5.182956420667769
0.0
6.009918871764327
6.0
1.1040652563720763
1.0
0.0
3.0
1.0
4.0
6.0
8.0
14.0
8.0
3.0
2.0
0.0
5.0
2.0099188717643277
7.0
0.10406525637207627
1.0
1.1040652563720763
5.0
2.0
0.10406525637207627
3.0
7.0
5.0
3.020362192501378
1.0
7.2499188717643275
6.2499188717643275
7.0
12.0
0.0
1.0
5.020362192501378
1.0
0.0
8.020362192501377
2.0
12.0
1.0
2.0
6.0
0.0
12.0
0.0
7.0
0.0
0.0
21.01376369231464
0.0
4.0
0.0
6.0
2.0
6.0
3.0
7.0
6.0
7.2499188717643275
4.0
0.0
0.009918871764327642
4.0
6.0
3.0
5.287021677039846
1.0
7.0
14.0
11.249918871764327
0.0
2.0
11.0
12.0
7.0
1.0
0.0
0.0
8.0
1.0203621925013782
4.0
30.0
4.0
5.0
4.0
2.1829564206677694
3.0
1.0
0.0
6.0
1.0099188717643277
0.0
1.0203621925013782
12.0
3.0
8.0
0.0
6.499837743528655
0.02036219250137814
0.0
1.0
1.0
0.0
8.0
13.0
1.0
1.0203621925013782
11.0
33.0
7.020362192501378
32.0
7.0
4.0
5.0
0.0
5.0
1.0
0.0
11.0
0.0
16.0
