3.0
3.0
0.18295642066776915
1.0
5.0
3.0
0.0
1.0
0.0
0.0
2.249918871764328
0.0
0.0
1.0
0.0
3.0
0.009918871764327642
0.0
0.0
1.1040652563720763
3.0302810642657056
3.0099188717643277
0.0
4.0
2.0
2.0
4.0
0.0
4.0
2.1829564206677694
1.0
1.0
2.0099188717643277
0.0
4.0
0.0
0.0
1.2081305127441526
2.0
1.0
1.0
3.0302810642657056
3.966666666666667
0.0
2.0
1.0
3.0
2.0
2.0
0.0
1.0
1.1829564206677692
2.0
1.0
1.0
2.0
4.0
0.0
4.0
0.0
5.0
1.0099188717643277
3.0
2.0
4.0
2.0
1.0
2.0
2.0
2.0
1.0
2.0
2.0302810642657056
2.0
3.0
0.009918871764327642
0.0
0.02036219250137814
0.0
5.0
3.0
0.0
0.0
4.0
3.0
1.0
4.0
2.0
3.0
0.0
4.104065256372076
2.0
3.0
1.0203621925013782
1.0
1.2236808056705255
3.0
1.0
1.0
2.020362192501378
1.0
0.0
1.1928752924320967
1.0203621925013782
3.0
1.0
1.1040652563720763
1.0
0.02036219250137814
2.0099188717643277
3.249918871764328
4.0
0.0
1.0
2.0
1.2499188717643277
3.0
1.0
2.0
2.0099188717643277
1.0
0.0
5.0
4.2499188717643275
3.0
1.0401999360300334
1.0
4.18295642066777
0.0
3.020362192501378
0.0
1.0203621925013782
1.0
6.0
3.0
2.0
0.24991887176432764
2.0
1.0
3.0
0.0
4.0
5.020362192501378
1.0
3.1829564206677694
0.0
1.0
5.0
3.020362192501378
1.0
3.0
0.1139841281364039
0.0
1.0
2.0
3.020362192501378
0.02036219250137814
2.1040652563720763
2.0
1.0
4.0
3.0
4.2499188717643275
1.0
1.0
0.0
2.0
0.0
0.0
4.0
5.0
2.249918871764328
4.0
2.0
3.0
2.0
1.0
4.0
0.0
1.0
1.113984128136404
5.0
1.0
4.0
2.0
2.0198377435286554
1.1829564206677692
2.0099188717643277
1.0
0.02036219250137814
0.0
1.0
0.0
3.0
4.0
4.020362192501378
1.0
0.0
4.0
1.0
5.0
2.1040652563720763
3.2081305127441526
0.0
0.02036219250137814
0.0
1.1040652563720763
0.0
0.0
1.0
0.0
2.0
1.0
1.0
1.124332687207537
5.020362192501378
3.0
1.0
0.0
2.020362192501378
4.030281064265706
1.0
1.0
3.0099188717643277
4.0
5.0
0.0
0.0
1.0
1.2408712820599663
2.0302810642657056
0.0
2.0
1.0
0.0
2.432875292432097
1.0
1.0203621925013782
3.0
0.0
1.0203621925013782
1.2499188717643277
4.0
4.0
5.0
0.0
1.0
1.0
1.0099188717643277
2.0
0.0
3.020362192501378
1.0
3.1829564206677694
1.0
0.0
4.0
2.0
2.0
1.0
3.0
1.2499188717643277
0.21323748493347486
2.020362192501378
2.0
2.0
0.0
0.0
1.0
3.0
1.0
1.0099188717643277
0.0
0.0
4.0
1.0
0.0
1.0
3.0
2.0099188717643277
3.0
1.0203621925013782
2.249918871764328
0.10406525637207627
2.0
3.0
0.0
2.0
2.0
2.020362192501378
2.0
1.0
4.2499188717643275
1.0099188717643277
0.0
2.0
0.0
4.0
2.0
2.0
2.0
0.24991887176432764
1.0
1.040724385002756
1.0
5.0
2.0
4.0
0.009918871764327642
0.0
0.24991887176432764
0.0
0.0
0.02036219250137814
2.0302810642657056
3.0
1.0
0.0
1.0
2.0
1.0
3.0
1.0
0.0
0.0
3.0
1.0
1.0
0.0
2.0
0.0
4.0
1.0
2.1829564206677694
1.0
3.0
0.0
0.0
1.0
1.0099188717643277
0.0
2.0
0.02036219250137814
4.0
1.0
1.0
1.0
3.0
2.0
4.009918871764328
4.18295642066777
2.1040652563720763
0.0
0.24991887176432764
2.0
1.0203621925013782
0.0
3.0
4.0
4.2499188717643275
0.0
1.0
3.0
0.0
0.02036219250137814
1.0
2.0
3.020362192501378
1.1829564206677692
1.0
1.0
1.0
0.0
3.1040652563720763
3.0
1.1829564206677692
0.0
2.0099188717643277
2.0
1.1040652563720763
1.0
0.0
3.0
1.0
4.0
2.0
4.0
2.0
4.0
3.0
2.0
0.0
1.0
2.0099188717643277
3.0
0.10406525637207627
1.0
1.1040652563720763
5.0
2.0
0.10406525637207627
3.0
3.0
5.0
3.020362192501378
1.0
3.249918871764328
2.249918871764328
3.0
4.0
0.0
1.0
5.020362192501378
1.0
0.0
4.020362192501378
2.0
4.0
1.0
2.0
2.0
0.0
4.0
0.0
3.0
0.0
0.0
3.01376369231464
0.0
4.0
0.0
2.0
2.0
2.0
3.0
3.0
2.0
3.249918871764328
4.0
0.0
0.009918871764327642
0.0
2.0
3.0
1.2870216770398455
1.0
3.0
6.0
3.249918871764328
0.0
2.0
3.0
4.0
3.0
1.0
0.0
0.0
4.0
1.0203621925013782
4.0
2.0
0.0
1.0
0.0
2.1829564206677694
3.0
1.0
0.0
2.0
1.0099188717643277
0.0
1.0203621925013782
4.0
3.0
4.0
0.0
2.4998377435286554
0.02036219250137814
0.0
1.0
1.0
0.0
4.0
5.0
1.0
1.0203621925013782
3.0
1.0
3.020362192501378
0.0
3.0
0.0
1.0
0.0
1.0
1.0
0.0
3.0
0.0
2.0
